56 140
57 140
58 140
59 140
60 140
61 140
77 140
78 140
79 140
80 140
81 140
82 140
56 139
57 139
58 139
59 139
60 139
61 139
66 139
67 139
68 139
69 139
70 139
71 139
77 139
78 139
79 139
80 139
81 139
82 139
41 138
42 138
43 138
44 138
45 138
46 138
56 138
57 138
58 138
59 138
60 138
61 138
66 138
67 138
68 138
69 138
70 138
71 138
77 138
78 138
79 138
80 138
81 138
82 138
41 137
42 137
43 137
44 137
45 137
46 137
56 137
57 137
58 137
59 137
60 137
61 137
66 137
67 137
68 137
69 137
70 137
71 137
77 137
78 137
79 137
80 137
81 137
82 137
127 137
128 137
129 137
130 137
131 137
132 137
41 136
42 136
43 136
44 136
45 136
46 136
56 136
57 136
58 136
59 136
60 136
61 136
66 136
67 136
68 136
69 136
70 136
71 136
77 136
78 136
79 136
80 136
81 136
82 136
91 136
92 136
93 136
94 136
95 136
96 136
116 136
117 136
118 136
119 136
120 136
121 136
127 136
128 136
129 136
130 136
131 136
132 136
133 136
134 136
135 136
136 136
137 136
138 136
41 135
42 135
43 135
44 135
45 135
46 135
56 135
57 135
58 135
59 135
60 135
61 135
66 135
67 135
68 135
69 135
70 135
71 135
77 135
78 135
79 135
80 135
81 135
82 135
91 135
92 135
93 135
94 135
95 135
96 135
116 135
117 135
118 135
119 135
120 135
121 135
127 135
128 135
129 135
130 135
131 135
132 135
133 135
134 135
135 135
136 135
137 135
138 135
25 134
26 134
27 134
28 134
29 134
30 134
31 134
32 134
33 134
34 134
35 134
36 134
41 134
42 134
43 134
44 134
45 134
46 134
47 134
48 134
49 134
50 134
51 134
52 134
66 134
67 134
68 134
69 134
70 134
71 134
91 134
92 134
93 134
94 134
95 134
96 134
98 134
99 134
100 134
101 134
102 134
103 134
108 134
109 134
110 134
111 134
112 134
113 134
116 134
117 134
118 134
119 134
120 134
121 134
127 134
128 134
129 134
130 134
131 134
132 134
133 134
134 134
135 134
136 134
137 134
138 134
25 133
26 133
27 133
28 133
29 133
30 133
31 133
32 133
33 133
34 133
35 133
36 133
41 133
42 133
43 133
44 133
45 133
46 133
47 133
48 133
49 133
50 133
51 133
52 133
85 133
86 133
87 133
88 133
89 133
90 133
91 133
92 133
93 133
94 133
95 133
96 133
98 133
99 133
100 133
101 133
102 133
103 133
108 133
109 133
110 133
111 133
112 133
113 133
116 133
117 133
118 133
119 133
120 133
121 133
127 133
128 133
129 133
130 133
131 133
132 133
133 133
134 133
135 133
136 133
137 133
138 133
25 132
26 132
27 132
28 132
29 132
30 132
31 132
32 132
33 132
34 132
35 132
36 132
47 132
48 132
49 132
50 132
51 132
52 132
85 132
86 132
87 132
88 132
89 132
90 132
91 132
92 132
93 132
94 132
95 132
96 132
98 132
99 132
100 132
101 132
102 132
103 132
108 132
109 132
110 132
111 132
112 132
113 132
116 132
117 132
118 132
119 132
120 132
121 132
127 132
128 132
129 132
130 132
131 132
132 132
133 132
134 132
135 132
136 132
137 132
138 132
25 131
26 131
27 131
28 131
29 131
30 131
31 131
32 131
33 131
34 131
35 131
36 131
47 131
48 131
49 131
50 131
51 131
52 131
85 131
86 131
87 131
88 131
89 131
90 131
91 131
92 131
93 131
94 131
95 131
96 131
98 131
99 131
100 131
101 131
102 131
103 131
108 131
109 131
110 131
111 131
112 131
113 131
116 131
117 131
118 131
119 131
120 131
121 131
133 131
134 131
135 131
136 131
137 131
138 131
25 130
26 130
27 130
28 130
29 130
30 130
31 130
32 130
33 130
34 130
35 130
36 130
47 130
48 130
49 130
50 130
51 130
52 130
85 130
86 130
87 130
88 130
89 130
90 130
98 130
99 130
100 130
101 130
102 130
103 130
108 130
109 130
110 130
111 130
112 130
113 130
25 129
26 129
27 129
28 129
29 129
30 129
31 129
32 129
33 129
34 129
35 129
36 129
47 129
48 129
49 129
50 129
51 129
52 129
59 129
60 129
61 129
62 129
63 129
64 129
85 129
86 129
87 129
88 129
89 129
90 129
98 129
99 129
100 129
101 129
102 129
103 129
108 129
109 129
110 129
111 129
112 129
113 129
130 129
131 129
132 129
133 129
134 129
135 129
35 128
36 128
37 128
38 128
39 128
40 128
59 128
60 128
61 128
62 128
63 128
64 128
65 128
66 128
67 128
68 128
69 128
70 128
85 128
86 128
87 128
88 128
89 128
90 128
130 128
131 128
132 128
133 128
134 128
135 128
23 127
24 127
25 127
26 127
27 127
28 127
35 127
36 127
37 127
38 127
39 127
40 127
59 127
60 127
61 127
62 127
63 127
64 127
65 127
66 127
67 127
68 127
69 127
70 127
84 127
85 127
86 127
87 127
88 127
89 127
130 127
131 127
132 127
133 127
134 127
135 127
23 126
24 126
25 126
26 126
27 126
28 126
35 126
36 126
37 126
38 126
39 126
40 126
59 126
60 126
61 126
62 126
63 126
64 126
65 126
66 126
67 126
68 126
69 126
70 126
84 126
85 126
86 126
87 126
88 126
89 126
95 126
96 126
97 126
98 126
99 126
100 126
113 126
114 126
115 126
116 126
117 126
118 126
130 126
131 126
132 126
133 126
134 126
135 126
23 125
24 125
25 125
26 125
27 125
28 125
35 125
36 125
37 125
38 125
39 125
40 125
59 125
60 125
61 125
62 125
63 125
64 125
65 125
66 125
67 125
68 125
69 125
70 125
84 125
85 125
86 125
87 125
88 125
89 125
95 125
96 125
97 125
98 125
99 125
100 125
113 125
114 125
115 125
116 125
117 125
118 125
130 125
131 125
132 125
133 125
134 125
135 125
23 124
24 124
25 124
26 124
27 124
28 124
35 124
36 124
37 124
38 124
39 124
40 124
59 124
60 124
61 124
62 124
63 124
64 124
65 124
66 124
67 124
68 124
69 124
70 124
84 124
85 124
86 124
87 124
88 124
89 124
95 124
96 124
97 124
98 124
99 124
100 124
101 124
102 124
103 124
104 124
105 124
106 124
107 124
108 124
109 124
110 124
111 124
112 124
113 124
114 124
115 124
116 124
117 124
118 124
130 124
131 124
132 124
133 124
134 124
135 124
23 123
24 123
25 123
26 123
27 123
28 123
35 123
36 123
37 123
38 123
39 123
40 123
51 123
52 123
53 123
54 123
55 123
56 123
65 123
66 123
67 123
68 123
69 123
70 123
84 123
85 123
86 123
87 123
88 123
89 123
95 123
96 123
97 123
98 123
99 123
100 123
101 123
102 123
103 123
104 123
105 123
106 123
107 123
108 123
109 123
110 123
111 123
112 123
113 123
114 123
115 123
116 123
117 123
118 123
23 122
24 122
25 122
26 122
27 122
28 122
33 122
34 122
35 122
36 122
37 122
38 122
51 122
52 122
53 122
54 122
55 122
56 122
84 122
85 122
86 122
87 122
88 122
89 122
95 122
96 122
97 122
98 122
99 122
100 122
101 122
102 122
103 122
104 122
105 122
106 122
107 122
108 122
109 122
110 122
111 122
112 122
113 122
114 122
115 122
116 122
117 122
118 122
33 121
34 121
35 121
36 121
37 121
38 121
51 121
52 121
53 121
54 121
55 121
56 121
81 121
82 121
83 121
84 121
85 121
86 121
95 121
96 121
97 121
98 121
99 121
100 121
101 121
102 121
103 121
104 121
105 121
106 121
107 121
108 121
109 121
110 121
111 121
112 121
113 121
114 121
115 121
116 121
117 121
118 121
33 120
34 120
35 120
36 120
37 120
38 120
51 120
52 120
53 120
54 120
55 120
56 120
73 120
74 120
75 120
76 120
77 120
78 120
81 120
82 120
83 120
84 120
85 120
86 120
101 120
102 120
103 120
104 120
105 120
106 120
107 120
108 120
109 120
110 120
111 120
112 120
33 119
34 119
35 119
36 119
37 119
38 119
51 119
52 119
53 119
54 119
55 119
56 119
63 119
64 119
65 119
66 119
67 119
68 119
73 119
74 119
75 119
76 119
77 119
78 119
81 119
82 119
83 119
84 119
85 119
86 119
101 119
102 119
103 119
104 119
105 119
106 119
107 119
108 119
109 119
110 119
111 119
112 119
33 118
34 118
35 118
36 118
37 118
38 118
51 118
52 118
53 118
54 118
55 118
56 118
63 118
64 118
65 118
66 118
67 118
68 118
73 118
74 118
75 118
76 118
77 118
78 118
81 118
82 118
83 118
84 118
85 118
86 118
102 118
103 118
104 118
105 118
106 118
107 118
33 117
34 117
35 117
36 117
37 117
38 117
63 117
64 117
65 117
66 117
67 117
68 117
73 117
74 117
75 117
76 117
77 117
78 117
81 117
82 117
83 117
84 117
85 117
86 117
102 117
103 117
104 117
105 117
106 117
107 117
27 116
28 116
29 116
30 116
31 116
32 116
63 116
64 116
65 116
66 116
67 116
68 116
73 116
74 116
75 116
76 116
77 116
78 116
81 116
82 116
83 116
84 116
85 116
86 116
102 116
103 116
104 116
105 116
106 116
107 116
27 115
28 115
29 115
30 115
31 115
32 115
63 115
64 115
65 115
66 115
67 115
68 115
73 115
74 115
75 115
76 115
77 115
78 115
102 115
103 115
104 115
105 115
106 115
107 115
27 114
28 114
29 114
30 114
31 114
32 114
37 114
38 114
39 114
40 114
41 114
42 114
63 114
64 114
65 114
66 114
67 114
68 114
72 114
73 114
74 114
75 114
76 114
77 114
102 114
103 114
104 114
105 114
106 114
107 114
125 114
126 114
127 114
128 114
129 114
130 114
27 113
28 113
29 113
30 113
31 113
32 113
37 113
38 113
39 113
40 113
41 113
42 113
72 113
73 113
74 113
75 113
76 113
77 113
102 113
103 113
104 113
105 113
106 113
107 113
125 113
126 113
127 113
128 113
129 113
130 113
21 112
22 112
23 112
24 112
25 112
26 112
27 112
28 112
29 112
30 112
31 112
32 112
37 112
38 112
39 112
40 112
41 112
42 112
48 112
49 112
50 112
51 112
52 112
53 112
72 112
73 112
74 112
75 112
76 112
77 112
125 112
126 112
127 112
128 112
129 112
130 112
21 111
22 111
23 111
24 111
25 111
26 111
27 111
28 111
29 111
30 111
31 111
32 111
37 111
38 111
39 111
40 111
41 111
42 111
48 111
49 111
50 111
51 111
52 111
53 111
72 111
73 111
74 111
75 111
76 111
77 111
106 111
107 111
108 111
109 111
110 111
111 111
112 111
113 111
114 111
115 111
116 111
117 111
125 111
126 111
127 111
128 111
129 111
130 111
21 110
22 110
23 110
24 110
25 110
26 110
28 110
29 110
30 110
31 110
32 110
33 110
37 110
38 110
39 110
40 110
41 110
42 110
48 110
49 110
50 110
51 110
52 110
53 110
72 110
73 110
74 110
75 110
76 110
77 110
106 110
107 110
108 110
109 110
110 110
111 110
112 110
113 110
114 110
115 110
116 110
117 110
125 110
126 110
127 110
128 110
129 110
130 110
21 109
22 109
23 109
24 109
25 109
26 109
28 109
29 109
30 109
31 109
32 109
33 109
37 109
38 109
39 109
40 109
41 109
42 109
48 109
49 109
50 109
51 109
52 109
53 109
72 109
73 109
74 109
75 109
76 109
77 109
106 109
107 109
108 109
109 109
110 109
111 109
112 109
113 109
114 109
115 109
116 109
117 109
125 109
126 109
127 109
128 109
129 109
130 109
21 108
22 108
23 108
24 108
25 108
26 108
28 108
29 108
30 108
31 108
32 108
33 108
48 108
49 108
50 108
51 108
52 108
53 108
54 108
55 108
56 108
57 108
58 108
59 108
65 108
66 108
67 108
68 108
69 108
70 108
78 108
79 108
80 108
81 108
82 108
83 108
106 108
107 108
108 108
109 108
110 108
111 108
112 108
113 108
114 108
115 108
116 108
117 108
21 107
22 107
23 107
24 107
25 107
26 107
28 107
29 107
30 107
31 107
32 107
33 107
48 107
49 107
50 107
51 107
52 107
53 107
54 107
55 107
56 107
57 107
58 107
59 107
65 107
66 107
67 107
68 107
69 107
70 107
78 107
79 107
80 107
81 107
82 107
83 107
90 107
91 107
92 107
93 107
94 107
95 107
97 107
98 107
99 107
100 107
101 107
102 107
106 107
107 107
108 107
109 107
110 107
111 107
112 107
113 107
114 107
115 107
116 107
117 107
28 106
29 106
30 106
31 106
32 106
33 106
38 106
39 106
40 106
41 106
42 106
43 106
54 106
55 106
56 106
57 106
58 106
59 106
65 106
66 106
67 106
68 106
69 106
70 106
78 106
79 106
80 106
81 106
82 106
83 106
90 106
91 106
92 106
93 106
94 106
95 106
97 106
98 106
99 106
100 106
101 106
102 106
106 106
107 106
108 106
109 106
110 106
111 106
112 106
113 106
114 106
115 106
116 106
117 106
22 105
23 105
24 105
25 105
26 105
27 105
28 105
29 105
30 105
31 105
32 105
33 105
38 105
39 105
40 105
41 105
42 105
43 105
54 105
55 105
56 105
57 105
58 105
59 105
65 105
66 105
67 105
68 105
69 105
70 105
78 105
79 105
80 105
81 105
82 105
83 105
90 105
91 105
92 105
93 105
94 105
95 105
97 105
98 105
99 105
100 105
101 105
102 105
22 104
23 104
24 104
25 104
26 104
27 104
38 104
39 104
40 104
41 104
42 104
43 104
54 104
55 104
56 104
57 104
58 104
59 104
65 104
66 104
67 104
68 104
69 104
70 104
78 104
79 104
80 104
81 104
82 104
83 104
90 104
91 104
92 104
93 104
94 104
95 104
97 104
98 104
99 104
100 104
101 104
102 104
124 104
125 104
126 104
127 104
128 104
129 104
132 104
133 104
134 104
135 104
136 104
137 104
22 103
23 103
24 103
25 103
26 103
27 103
38 103
39 103
40 103
41 103
42 103
43 103
54 103
55 103
56 103
57 103
58 103
59 103
65 103
66 103
67 103
68 103
69 103
70 103
78 103
79 103
80 103
81 103
82 103
83 103
90 103
91 103
92 103
93 103
94 103
95 103
97 103
98 103
99 103
100 103
101 103
102 103
111 103
112 103
113 103
114 103
115 103
116 103
124 103
125 103
126 103
127 103
128 103
129 103
132 103
133 103
134 103
135 103
136 103
137 103
22 102
23 102
24 102
25 102
26 102
27 102
38 102
39 102
40 102
41 102
42 102
43 102
90 102
91 102
92 102
93 102
94 102
95 102
97 102
98 102
99 102
100 102
101 102
102 102
111 102
112 102
113 102
114 102
115 102
116 102
124 102
125 102
126 102
127 102
128 102
129 102
132 102
133 102
134 102
135 102
136 102
137 102
22 101
23 101
24 101
25 101
26 101
27 101
38 101
39 101
40 101
41 101
42 101
43 101
111 101
112 101
113 101
114 101
115 101
116 101
117 101
118 101
119 101
120 101
121 101
122 101
124 101
125 101
126 101
127 101
128 101
129 101
132 101
133 101
134 101
135 101
136 101
137 101
22 100
23 100
24 100
25 100
26 100
27 100
34 100
35 100
36 100
37 100
38 100
39 100
41 100
42 100
43 100
44 100
45 100
46 100
49 100
50 100
51 100
52 100
53 100
54 100
55 100
56 100
57 100
58 100
59 100
60 100
79 100
80 100
81 100
82 100
83 100
84 100
111 100
112 100
113 100
114 100
115 100
116 100
117 100
118 100
119 100
120 100
121 100
122 100
124 100
125 100
126 100
127 100
128 100
129 100
132 100
133 100
134 100
135 100
136 100
137 100
34 99
35 99
36 99
37 99
38 99
39 99
41 99
42 99
43 99
44 99
45 99
46 99
49 99
50 99
51 99
52 99
53 99
54 99
55 99
56 99
57 99
58 99
59 99
60 99
71 99
72 99
73 99
74 99
75 99
76 99
79 99
80 99
81 99
82 99
83 99
84 99
111 99
112 99
113 99
114 99
115 99
116 99
117 99
118 99
119 99
120 99
121 99
122 99
124 99
125 99
126 99
127 99
128 99
129 99
132 99
133 99
134 99
135 99
136 99
137 99
34 98
35 98
36 98
37 98
38 98
39 98
41 98
42 98
43 98
44 98
45 98
46 98
49 98
50 98
51 98
52 98
53 98
54 98
55 98
56 98
57 98
58 98
59 98
60 98
71 98
72 98
73 98
74 98
75 98
76 98
79 98
80 98
81 98
82 98
83 98
84 98
111 98
112 98
113 98
114 98
115 98
116 98
117 98
118 98
119 98
120 98
121 98
122 98
129 98
130 98
131 98
132 98
133 98
134 98
34 97
35 97
36 97
37 97
38 97
39 97
41 97
42 97
43 97
44 97
45 97
46 97
49 97
50 97
51 97
52 97
53 97
54 97
55 97
56 97
57 97
58 97
59 97
60 97
71 97
72 97
73 97
74 97
75 97
76 97
79 97
80 97
81 97
82 97
83 97
84 97
117 97
118 97
119 97
120 97
121 97
122 97
129 97
130 97
131 97
132 97
133 97
134 97
34 96
35 96
36 96
37 96
38 96
39 96
41 96
42 96
43 96
44 96
45 96
46 96
49 96
50 96
51 96
52 96
53 96
54 96
55 96
56 96
57 96
58 96
59 96
60 96
71 96
72 96
73 96
74 96
75 96
76 96
79 96
80 96
81 96
82 96
83 96
84 96
91 96
92 96
93 96
94 96
95 96
96 96
106 96
107 96
108 96
109 96
110 96
111 96
117 96
118 96
119 96
120 96
121 96
122 96
129 96
130 96
131 96
132 96
133 96
134 96
34 95
35 95
36 95
37 95
38 95
39 95
41 95
42 95
43 95
44 95
45 95
46 95
49 95
50 95
51 95
52 95
53 95
54 95
55 95
56 95
57 95
58 95
59 95
60 95
71 95
72 95
73 95
74 95
75 95
76 95
79 95
80 95
81 95
82 95
83 95
84 95
91 95
92 95
93 95
94 95
95 95
96 95
106 95
107 95
108 95
109 95
110 95
111 95
129 95
130 95
131 95
132 95
133 95
134 95
29 94
30 94
31 94
32 94
33 94
34 94
39 94
40 94
41 94
42 94
43 94
44 94
71 94
72 94
73 94
74 94
75 94
76 94
91 94
92 94
93 94
94 94
95 94
96 94
106 94
107 94
108 94
109 94
110 94
111 94
129 94
130 94
131 94
132 94
133 94
134 94
29 93
30 93
31 93
32 93
33 93
34 93
39 93
40 93
41 93
42 93
43 93
44 93
47 93
48 93
49 93
50 93
51 93
52 93
91 93
92 93
93 93
94 93
95 93
96 93
106 93
107 93
108 93
109 93
110 93
111 93
129 93
130 93
131 93
132 93
133 93
134 93
29 92
30 92
31 92
32 92
33 92
34 92
39 92
40 92
41 92
42 92
43 92
44 92
47 92
48 92
49 92
50 92
51 92
52 92
91 92
92 92
93 92
94 92
95 92
96 92
106 92
107 92
108 92
109 92
110 92
111 92
29 91
30 91
31 91
32 91
33 91
34 91
39 91
40 91
41 91
42 91
43 91
44 91
47 91
48 91
49 91
50 91
51 91
52 91
62 91
63 91
64 91
65 91
66 91
67 91
91 91
92 91
93 91
94 91
95 91
96 91
106 91
107 91
108 91
109 91
110 91
111 91
121 91
122 91
123 91
124 91
125 91
126 91
29 90
30 90
31 90
32 90
33 90
34 90
39 90
40 90
41 90
42 90
43 90
44 90
47 90
48 90
49 90
50 90
51 90
52 90
62 90
63 90
64 90
65 90
66 90
67 90
121 90
122 90
123 90
124 90
125 90
126 90
132 90
133 90
134 90
135 90
136 90
137 90
29 89
30 89
31 89
32 89
33 89
34 89
39 89
40 89
41 89
42 89
43 89
44 89
47 89
48 89
49 89
50 89
51 89
52 89
55 89
56 89
57 89
58 89
59 89
60 89
62 89
63 89
64 89
65 89
66 89
67 89
121 89
122 89
123 89
124 89
125 89
126 89
132 89
133 89
134 89
135 89
136 89
137 89
47 88
48 88
49 88
50 88
51 88
52 88
55 88
56 88
57 88
58 88
59 88
60 88
62 88
63 88
64 88
65 88
66 88
67 88
91 88
92 88
93 88
94 88
95 88
96 88
121 88
122 88
123 88
124 88
125 88
126 88
132 88
133 88
134 88
135 88
136 88
137 88
34 87
35 87
36 87
37 87
38 87
39 87
55 87
56 87
57 87
58 87
59 87
60 87
62 87
63 87
64 87
65 87
66 87
67 87
91 87
92 87
93 87
94 87
95 87
96 87
121 87
122 87
123 87
124 87
125 87
126 87
132 87
133 87
134 87
135 87
136 87
137 87
21 86
22 86
23 86
24 86
25 86
26 86
34 86
35 86
36 86
37 86
38 86
39 86
55 86
56 86
57 86
58 86
59 86
60 86
62 86
63 86
64 86
65 86
66 86
67 86
77 86
78 86
79 86
80 86
81 86
82 86
91 86
92 86
93 86
94 86
95 86
96 86
121 86
122 86
123 86
124 86
125 86
126 86
132 86
133 86
134 86
135 86
136 86
137 86
21 85
22 85
23 85
24 85
25 85
26 85
34 85
35 85
36 85
37 85
38 85
39 85
55 85
56 85
57 85
58 85
59 85
60 85
77 85
78 85
79 85
80 85
81 85
82 85
91 85
92 85
93 85
94 85
95 85
96 85
125 85
126 85
127 85
128 85
129 85
130 85
132 85
133 85
134 85
135 85
136 85
137 85
21 84
22 84
23 84
24 84
25 84
26 84
28 84
29 84
30 84
31 84
32 84
33 84
34 84
35 84
36 84
37 84
38 84
39 84
55 84
56 84
57 84
58 84
59 84
60 84
77 84
78 84
79 84
80 84
81 84
82 84
91 84
92 84
93 84
94 84
95 84
96 84
110 84
111 84
112 84
113 84
114 84
115 84
119 84
120 84
121 84
122 84
123 84
124 84
125 84
126 84
127 84
128 84
129 84
130 84
21 83
22 83
23 83
24 83
25 83
26 83
28 83
29 83
30 83
31 83
32 83
33 83
34 83
35 83
36 83
37 83
38 83
39 83
45 83
46 83
47 83
48 83
49 83
50 83
77 83
78 83
79 83
80 83
81 83
82 83
91 83
92 83
93 83
94 83
95 83
96 83
101 83
102 83
103 83
104 83
105 83
106 83
110 83
111 83
112 83
113 83
114 83
115 83
119 83
120 83
121 83
122 83
123 83
124 83
125 83
126 83
127 83
128 83
129 83
130 83
21 82
22 82
23 82
24 82
25 82
26 82
28 82
29 82
30 82
31 82
32 82
33 82
34 82
35 82
36 82
37 82
38 82
39 82
45 82
46 82
47 82
48 82
49 82
50 82
61 82
62 82
63 82
64 82
65 82
66 82
77 82
78 82
79 82
80 82
81 82
82 82
101 82
102 82
103 82
104 82
105 82
106 82
110 82
111 82
112 82
113 82
114 82
115 82
119 82
120 82
121 82
122 82
123 82
124 82
125 82
126 82
127 82
128 82
129 82
130 82
21 81
22 81
23 81
24 81
25 81
26 81
28 81
29 81
30 81
31 81
32 81
33 81
45 81
46 81
47 81
48 81
49 81
50 81
61 81
62 81
63 81
64 81
65 81
66 81
77 81
78 81
79 81
80 81
81 81
82 81
101 81
102 81
103 81
104 81
105 81
106 81
110 81
111 81
112 81
113 81
114 81
115 81
119 81
120 81
121 81
122 81
123 81
124 81
125 81
126 81
127 81
128 81
129 81
130 81
28 80
29 80
30 80
31 80
32 80
33 80
37 80
38 80
39 80
40 80
41 80
42 80
45 80
46 80
47 80
48 80
49 80
50 80
61 80
62 80
63 80
64 80
65 80
66 80
101 80
102 80
103 80
104 80
105 80
106 80
110 80
111 80
112 80
113 80
114 80
115 80
119 80
120 80
121 80
122 80
123 80
124 80
125 80
126 80
127 80
128 80
129 80
130 80
133 80
134 80
135 80
136 80
137 80
138 80
28 79
29 79
30 79
31 79
32 79
33 79
37 79
38 79
39 79
40 79
41 79
42 79
45 79
46 79
47 79
48 79
49 79
50 79
61 79
62 79
63 79
64 79
65 79
66 79
76 79
77 79
78 79
79 79
80 79
81 79
101 79
102 79
103 79
104 79
105 79
106 79
110 79
111 79
112 79
113 79
114 79
115 79
119 79
120 79
121 79
122 79
123 79
124 79
133 79
134 79
135 79
136 79
137 79
138 79
37 78
38 78
39 78
40 78
41 78
42 78
45 78
46 78
47 78
48 78
49 78
50 78
55 78
56 78
57 78
58 78
59 78
60 78
61 78
62 78
63 78
64 78
65 78
66 78
76 78
77 78
78 78
79 78
80 78
81 78
101 78
102 78
103 78
104 78
105 78
106 78
133 78
134 78
135 78
136 78
137 78
138 78
37 77
38 77
39 77
40 77
41 77
42 77
55 77
56 77
57 77
58 77
59 77
60 77
61 77
62 77
63 77
64 77
65 77
66 77
76 77
77 77
78 77
79 77
80 77
81 77
133 77
134 77
135 77
136 77
137 77
138 77
37 76
38 76
39 76
40 76
41 76
42 76
55 76
56 76
57 76
58 76
59 76
60 76
67 76
68 76
69 76
70 76
71 76
72 76
76 76
77 76
78 76
79 76
80 76
81 76
92 76
93 76
94 76
95 76
96 76
97 76
133 76
134 76
135 76
136 76
137 76
138 76
25 75
26 75
27 75
28 75
29 75
30 75
37 75
38 75
39 75
40 75
41 75
42 75
55 75
56 75
57 75
58 75
59 75
60 75
67 75
68 75
69 75
70 75
71 75
72 75
76 75
77 75
78 75
79 75
80 75
81 75
92 75
93 75
94 75
95 75
96 75
97 75
100 75
101 75
102 75
103 75
104 75
105 75
118 75
119 75
120 75
121 75
122 75
123 75
133 75
134 75
135 75
136 75
137 75
138 75
25 74
26 74
27 74
28 74
29 74
30 74
31 74
32 74
33 74
34 74
35 74
36 74
47 74
48 74
49 74
50 74
51 74
52 74
55 74
56 74
57 74
58 74
59 74
60 74
67 74
68 74
69 74
70 74
71 74
72 74
76 74
77 74
78 74
79 74
80 74
81 74
84 74
85 74
86 74
87 74
88 74
89 74
92 74
93 74
94 74
95 74
96 74
97 74
100 74
101 74
102 74
103 74
104 74
105 74
118 74
119 74
120 74
121 74
122 74
123 74
25 73
26 73
27 73
28 73
29 73
30 73
31 73
32 73
33 73
34 73
35 73
36 73
47 73
48 73
49 73
50 73
51 73
52 73
55 73
56 73
57 73
58 73
59 73
60 73
67 73
68 73
69 73
70 73
71 73
72 73
84 73
85 73
86 73
87 73
88 73
89 73
92 73
93 73
94 73
95 73
96 73
97 73
100 73
101 73
102 73
103 73
104 73
105 73
118 73
119 73
120 73
121 73
122 73
123 73
25 72
26 72
27 72
28 72
29 72
30 72
31 72
32 72
33 72
34 72
35 72
36 72
47 72
48 72
49 72
50 72
51 72
52 72
67 72
68 72
69 72
70 72
71 72
72 72
84 72
85 72
86 72
87 72
88 72
89 72
92 72
93 72
94 72
95 72
96 72
97 72
100 72
101 72
102 72
103 72
104 72
105 72
106 72
107 72
108 72
109 72
110 72
111 72
118 72
119 72
120 72
121 72
122 72
123 72
25 71
26 71
27 71
28 71
29 71
30 71
31 71
32 71
33 71
34 71
35 71
36 71
41 71
42 71
43 71
44 71
45 71
46 71
47 71
48 71
49 71
50 71
51 71
52 71
67 71
68 71
69 71
70 71
71 71
72 71
84 71
85 71
86 71
87 71
88 71
89 71
92 71
93 71
94 71
95 71
96 71
97 71
100 71
101 71
102 71
103 71
104 71
105 71
106 71
107 71
108 71
109 71
110 71
111 71
118 71
119 71
120 71
121 71
122 71
123 71
25 70
26 70
27 70
28 70
29 70
30 70
31 70
32 70
33 70
34 70
35 70
36 70
41 70
42 70
43 70
44 70
45 70
46 70
47 70
48 70
49 70
50 70
51 70
52 70
64 70
65 70
66 70
67 70
68 70
69 70
84 70
85 70
86 70
87 70
88 70
89 70
100 70
101 70
102 70
103 70
104 70
105 70
106 70
107 70
108 70
109 70
110 70
111 70
118 70
119 70
120 70
121 70
122 70
123 70
31 69
32 69
33 69
34 69
35 69
36 69
41 69
42 69
43 69
44 69
45 69
46 69
47 69
48 69
49 69
50 69
51 69
52 69
64 69
65 69
66 69
67 69
68 69
69 69
84 69
85 69
86 69
87 69
88 69
89 69
106 69
107 69
108 69
109 69
110 69
111 69
123 69
124 69
125 69
126 69
127 69
128 69
41 68
42 68
43 68
44 68
45 68
46 68
64 68
65 68
66 68
67 68
68 68
69 68
106 68
107 68
108 68
109 68
110 68
111 68
123 68
124 68
125 68
126 68
127 68
128 68
41 67
42 67
43 67
44 67
45 67
46 67
64 67
65 67
66 67
67 67
68 67
69 67
100 67
101 67
102 67
103 67
104 67
105 67
106 67
107 67
108 67
109 67
110 67
111 67
123 67
124 67
125 67
126 67
127 67
128 67
41 66
42 66
43 66
44 66
45 66
46 66
64 66
65 66
66 66
67 66
68 66
69 66
71 66
72 66
73 66
74 66
75 66
76 66
79 66
80 66
81 66
82 66
83 66
84 66
92 66
93 66
94 66
95 66
96 66
97 66
100 66
101 66
102 66
103 66
104 66
105 66
110 66
111 66
112 66
113 66
114 66
115 66
123 66
124 66
125 66
126 66
127 66
128 66
64 65
65 65
66 65
67 65
68 65
69 65
71 65
72 65
73 65
74 65
75 65
76 65
79 65
80 65
81 65
82 65
83 65
84 65
92 65
93 65
94 65
95 65
96 65
97 65
100 65
101 65
102 65
103 65
104 65
105 65
110 65
111 65
112 65
113 65
114 65
115 65
116 65
117 65
118 65
119 65
120 65
121 65
123 65
124 65
125 65
126 65
127 65
128 65
25 64
26 64
27 64
28 64
29 64
30 64
71 64
72 64
73 64
74 64
75 64
76 64
79 64
80 64
81 64
82 64
83 64
84 64
86 64
87 64
88 64
89 64
90 64
91 64
92 64
93 64
94 64
95 64
96 64
97 64
100 64
101 64
102 64
103 64
104 64
105 64
110 64
111 64
112 64
113 64
114 64
115 64
116 64
117 64
118 64
119 64
120 64
121 64
123 64
124 64
125 64
126 64
127 64
128 64
25 63
26 63
27 63
28 63
29 63
30 63
50 63
51 63
52 63
53 63
54 63
55 63
71 63
72 63
73 63
74 63
75 63
76 63
79 63
80 63
81 63
82 63
83 63
84 63
86 63
87 63
88 63
89 63
90 63
91 63
92 63
93 63
94 63
95 63
96 63
97 63
100 63
101 63
102 63
103 63
104 63
105 63
110 63
111 63
112 63
113 63
114 63
115 63
116 63
117 63
118 63
119 63
120 63
121 63
131 63
132 63
133 63
134 63
135 63
136 63
25 62
26 62
27 62
28 62
29 62
30 62
50 62
51 62
52 62
53 62
54 62
55 62
71 62
72 62
73 62
74 62
75 62
76 62
79 62
80 62
81 62
82 62
83 62
84 62
86 62
87 62
88 62
89 62
90 62
91 62
92 62
93 62
94 62
95 62
96 62
97 62
100 62
101 62
102 62
103 62
104 62
105 62
110 62
111 62
112 62
113 62
114 62
115 62
116 62
117 62
118 62
119 62
120 62
121 62
131 62
132 62
133 62
134 62
135 62
136 62
25 61
26 61
27 61
28 61
29 61
30 61
50 61
51 61
52 61
53 61
54 61
55 61
57 61
58 61
59 61
60 61
61 61
62 61
71 61
72 61
73 61
74 61
75 61
76 61
79 61
80 61
81 61
82 61
83 61
84 61
86 61
87 61
88 61
89 61
90 61
91 61
92 61
93 61
94 61
95 61
96 61
97 61
102 61
103 61
104 61
105 61
106 61
107 61
110 61
111 61
112 61
113 61
114 61
115 61
116 61
117 61
118 61
119 61
120 61
121 61
131 61
132 61
133 61
134 61
135 61
136 61
25 60
26 60
27 60
28 60
29 60
30 60
33 60
34 60
35 60
36 60
37 60
38 60
50 60
51 60
52 60
53 60
54 60
55 60
57 60
58 60
59 60
60 60
61 60
62 60
86 60
87 60
88 60
89 60
90 60
91 60
102 60
103 60
104 60
105 60
106 60
107 60
116 60
117 60
118 60
119 60
120 60
121 60
131 60
132 60
133 60
134 60
135 60
136 60
25 59
26 59
27 59
28 59
29 59
30 59
33 59
34 59
35 59
36 59
37 59
38 59
50 59
51 59
52 59
53 59
54 59
55 59
57 59
58 59
59 59
60 59
61 59
62 59
86 59
87 59
88 59
89 59
90 59
91 59
102 59
103 59
104 59
105 59
106 59
107 59
131 59
132 59
133 59
134 59
135 59
136 59
33 58
34 58
35 58
36 58
37 58
38 58
50 58
51 58
52 58
53 58
54 58
55 58
57 58
58 58
59 58
60 58
61 58
62 58
76 58
77 58
78 58
79 58
80 58
81 58
87 58
88 58
89 58
90 58
91 58
92 58
102 58
103 58
104 58
105 58
106 58
107 58
118 58
119 58
120 58
121 58
122 58
123 58
131 58
132 58
133 58
134 58
135 58
136 58
33 57
34 57
35 57
36 57
37 57
38 57
57 57
58 57
59 57
60 57
61 57
62 57
76 57
77 57
78 57
79 57
80 57
81 57
87 57
88 57
89 57
90 57
91 57
92 57
102 57
103 57
104 57
105 57
106 57
107 57
118 57
119 57
120 57
121 57
122 57
123 57
125 57
126 57
127 57
128 57
129 57
130 57
33 56
34 56
35 56
36 56
37 56
38 56
57 56
58 56
59 56
60 56
61 56
62 56
76 56
77 56
78 56
79 56
80 56
81 56
87 56
88 56
89 56
90 56
91 56
92 56
102 56
103 56
104 56
105 56
106 56
107 56
118 56
119 56
120 56
121 56
122 56
123 56
125 56
126 56
127 56
128 56
129 56
130 56
33 55
34 55
35 55
36 55
37 55
38 55
39 55
40 55
41 55
42 55
43 55
44 55
50 55
51 55
52 55
53 55
54 55
55 55
64 55
65 55
66 55
67 55
68 55
69 55
76 55
77 55
78 55
79 55
80 55
81 55
87 55
88 55
89 55
90 55
91 55
92 55
106 55
107 55
108 55
109 55
110 55
111 55
118 55
119 55
120 55
121 55
122 55
123 55
125 55
126 55
127 55
128 55
129 55
130 55
39 54
40 54
41 54
42 54
43 54
44 54
50 54
51 54
52 54
53 54
54 54
55 54
64 54
65 54
66 54
67 54
68 54
69 54
76 54
77 54
78 54
79 54
80 54
81 54
87 54
88 54
89 54
90 54
91 54
92 54
106 54
107 54
108 54
109 54
110 54
111 54
118 54
119 54
120 54
121 54
122 54
123 54
125 54
126 54
127 54
128 54
129 54
130 54
39 53
40 53
41 53
42 53
43 53
44 53
50 53
51 53
52 53
53 53
54 53
55 53
64 53
65 53
66 53
67 53
68 53
69 53
76 53
77 53
78 53
79 53
80 53
81 53
87 53
88 53
89 53
90 53
91 53
92 53
106 53
107 53
108 53
109 53
110 53
111 53
118 53
119 53
120 53
121 53
122 53
123 53
125 53
126 53
127 53
128 53
129 53
130 53
23 52
24 52
25 52
26 52
27 52
28 52
39 52
40 52
41 52
42 52
43 52
44 52
50 52
51 52
52 52
53 52
54 52
55 52
64 52
65 52
66 52
67 52
68 52
69 52
84 52
85 52
86 52
87 52
88 52
89 52
106 52
107 52
108 52
109 52
110 52
111 52
125 52
126 52
127 52
128 52
129 52
130 52
23 51
24 51
25 51
26 51
27 51
28 51
39 51
40 51
41 51
42 51
43 51
44 51
50 51
51 51
52 51
53 51
54 51
55 51
64 51
65 51
66 51
67 51
68 51
69 51
84 51
85 51
86 51
87 51
88 51
89 51
106 51
107 51
108 51
109 51
110 51
111 51
23 50
24 50
25 50
26 50
27 50
28 50
39 50
40 50
41 50
42 50
43 50
44 50
50 50
51 50
52 50
53 50
54 50
55 50
58 50
59 50
60 50
61 50
62 50
63 50
64 50
65 50
66 50
67 50
68 50
69 50
76 50
77 50
78 50
79 50
80 50
81 50
84 50
85 50
86 50
87 50
88 50
89 50
106 50
107 50
108 50
109 50
110 50
111 50
23 49
24 49
25 49
26 49
27 49
28 49
32 49
33 49
34 49
35 49
36 49
37 49
58 49
59 49
60 49
61 49
62 49
63 49
76 49
77 49
78 49
79 49
80 49
81 49
84 49
85 49
86 49
87 49
88 49
89 49
129 49
130 49
131 49
132 49
133 49
134 49
23 48
24 48
25 48
26 48
27 48
28 48
32 48
33 48
34 48
35 48
36 48
37 48
58 48
59 48
60 48
61 48
62 48
63 48
76 48
77 48
78 48
79 48
80 48
81 48
84 48
85 48
86 48
87 48
88 48
89 48
90 48
91 48
92 48
93 48
94 48
95 48
114 48
115 48
116 48
117 48
118 48
119 48
123 48
124 48
125 48
126 48
127 48
128 48
129 48
130 48
131 48
132 48
133 48
134 48
23 47
24 47
25 47
26 47
27 47
28 47
32 47
33 47
34 47
35 47
36 47
37 47
44 47
45 47
46 47
47 47
48 47
49 47
58 47
59 47
60 47
61 47
62 47
63 47
76 47
77 47
78 47
79 47
80 47
81 47
84 47
85 47
86 47
87 47
88 47
89 47
90 47
91 47
92 47
93 47
94 47
95 47
114 47
115 47
116 47
117 47
118 47
119 47
123 47
124 47
125 47
126 47
127 47
128 47
129 47
130 47
131 47
132 47
133 47
134 47
32 46
33 46
34 46
35 46
36 46
37 46
44 46
45 46
46 46
47 46
48 46
49 46
58 46
59 46
60 46
61 46
62 46
63 46
76 46
77 46
78 46
79 46
80 46
81 46
90 46
91 46
92 46
93 46
94 46
95 46
114 46
115 46
116 46
117 46
118 46
119 46
123 46
124 46
125 46
126 46
127 46
128 46
129 46
130 46
131 46
132 46
133 46
134 46
23 45
24 45
25 45
26 45
27 45
28 45
32 45
33 45
34 45
35 45
36 45
37 45
44 45
45 45
46 45
47 45
48 45
49 45
58 45
59 45
60 45
61 45
62 45
63 45
66 45
67 45
68 45
69 45
70 45
71 45
76 45
77 45
78 45
79 45
80 45
81 45
90 45
91 45
92 45
93 45
94 45
95 45
114 45
115 45
116 45
117 45
118 45
119 45
123 45
124 45
125 45
126 45
127 45
128 45
129 45
130 45
131 45
132 45
133 45
134 45
23 44
24 44
25 44
26 44
27 44
28 44
32 44
33 44
34 44
35 44
36 44
37 44
44 44
45 44
46 44
47 44
48 44
49 44
52 44
53 44
54 44
55 44
56 44
57 44
66 44
67 44
68 44
69 44
70 44
71 44
90 44
91 44
92 44
93 44
94 44
95 44
114 44
115 44
116 44
117 44
118 44
119 44
123 44
124 44
125 44
126 44
127 44
128 44
129 44
130 44
131 44
132 44
133 44
134 44
23 43
24 43
25 43
26 43
27 43
28 43
44 43
45 43
46 43
47 43
48 43
49 43
52 43
53 43
54 43
55 43
56 43
57 43
66 43
67 43
68 43
69 43
70 43
71 43
78 43
79 43
80 43
81 43
82 43
83 43
90 43
91 43
92 43
93 43
94 43
95 43
114 43
115 43
116 43
117 43
118 43
119 43
123 43
124 43
125 43
126 43
127 43
128 43
133 43
134 43
135 43
136 43
137 43
138 43
23 42
24 42
25 42
26 42
27 42
28 42
44 42
45 42
46 42
47 42
48 42
49 42
52 42
53 42
54 42
55 42
56 42
57 42
66 42
67 42
68 42
69 42
70 42
71 42
78 42
79 42
80 42
81 42
82 42
83 42
94 42
95 42
96 42
97 42
98 42
99 42
133 42
134 42
135 42
136 42
137 42
138 42
23 41
24 41
25 41
26 41
27 41
28 41
31 41
32 41
33 41
34 41
35 41
36 41
52 41
53 41
54 41
55 41
56 41
57 41
66 41
67 41
68 41
69 41
70 41
71 41
78 41
79 41
80 41
81 41
82 41
83 41
94 41
95 41
96 41
97 41
98 41
99 41
133 41
134 41
135 41
136 41
137 41
138 41
23 40
24 40
25 40
26 40
27 40
28 40
31 40
32 40
33 40
34 40
35 40
36 40
43 40
44 40
45 40
46 40
47 40
48 40
52 40
53 40
54 40
55 40
56 40
57 40
66 40
67 40
68 40
69 40
70 40
71 40
78 40
79 40
80 40
81 40
82 40
83 40
94 40
95 40
96 40
97 40
98 40
99 40
105 40
106 40
107 40
108 40
109 40
110 40
133 40
134 40
135 40
136 40
137 40
138 40
31 39
32 39
33 39
34 39
35 39
36 39
43 39
44 39
45 39
46 39
47 39
48 39
52 39
53 39
54 39
55 39
56 39
57 39
58 39
59 39
60 39
61 39
62 39
63 39
78 39
79 39
80 39
81 39
82 39
83 39
94 39
95 39
96 39
97 39
98 39
99 39
105 39
106 39
107 39
108 39
109 39
110 39
133 39
134 39
135 39
136 39
137 39
138 39
31 38
32 38
33 38
34 38
35 38
36 38
43 38
44 38
45 38
46 38
47 38
48 38
52 38
53 38
54 38
55 38
56 38
57 38
58 38
59 38
60 38
61 38
62 38
63 38
78 38
79 38
80 38
81 38
82 38
83 38
94 38
95 38
96 38
97 38
98 38
99 38
105 38
106 38
107 38
108 38
109 38
110 38
133 38
134 38
135 38
136 38
137 38
138 38
31 37
32 37
33 37
34 37
35 37
36 37
43 37
44 37
45 37
46 37
47 37
48 37
52 37
53 37
54 37
55 37
56 37
57 37
58 37
59 37
60 37
61 37
62 37
63 37
66 37
67 37
68 37
69 37
70 37
71 37
94 37
95 37
96 37
97 37
98 37
99 37
105 37
106 37
107 37
108 37
109 37
110 37
134 37
135 37
136 37
137 37
138 37
139 37
23 36
24 36
25 36
26 36
27 36
28 36
31 36
32 36
33 36
34 36
35 36
36 36
43 36
44 36
45 36
46 36
47 36
48 36
52 36
53 36
54 36
55 36
56 36
57 36
58 36
59 36
60 36
61 36
62 36
63 36
66 36
67 36
68 36
69 36
70 36
71 36
105 36
106 36
107 36
108 36
109 36
110 36
134 36
135 36
136 36
137 36
138 36
139 36
23 35
24 35
25 35
26 35
27 35
28 35
43 35
44 35
45 35
46 35
47 35
48 35
52 35
53 35
54 35
55 35
56 35
57 35
58 35
59 35
60 35
61 35
62 35
63 35
66 35
67 35
68 35
69 35
70 35
71 35
105 35
106 35
107 35
108 35
109 35
110 35
134 35
135 35
136 35
137 35
138 35
139 35
23 34
24 34
25 34
26 34
27 34
28 34
52 34
53 34
54 34
